7.9210000038147
7.96999979019165
7.82600021362305
8.0930004119873
7.88899993896484
8.02499961853027
7.96999979019165
7.94500017166138
7.88000011444092
7.93200016021729
7.90000009536743
7.92000007629395
7.90799999237061
7.90100002288818
7.88299989700317
7.93100023269653
7.93699979782104
7.875
7.93900012969971
7.92600011825562
7.94099998474121
7.87599992752075
7.96999979019165
7.92000007629395
7.91599988937378
7.89699983596802
7.91699981689453
7.88700008392334
7.94399976730347
7.88399982452393
7.91900014877319
7.9210000038147
7.91599988937378
7.89900016784668
7.88600015640259
7.93300008773804
7.89699983596802
7.92500019073486
7.88600015640259
7.92700004577637
7.93900012969971
7.88700008392334
7.89599990844727
7.94700002670288
7.91200017929077
7.92199993133545
7.89599990844727
7.92999982833862
7.89900016784668
7.93300008773804
7.88700008392334
7.93200016021729
7.88700008392334
7.92700004577637
7.90899991989136
7.89900016784668
7.91599988937378
7.85400009155273
7.93400001525879
7.97300004959106
7.94899988174438
7.90299987792969
7.91099977493286
7.94299983978271
7.86800003051758
7.9539999961853
7.90999984741211
7.88000011444092
7.97599983215332
7.89599990844727
7.95300006866455
7.87799978256226
7.93300008773804
7.8899998664856
7.95599985122681
7.92199993133545
7.89099979400635
7.94299983978271
7.89200019836426
7.9539999961853
7.89200019836426
7.94099998474121
7.93499994277954
7.8769998550415
7.95900011062622
7.89499998092651
7.98000001907349
7.86299991607666
7.96199989318848
7.88500022888184
7.94500017166138
7.97599983215332
7.83300018310547
7.9980001449585
7.8769998550415
7.97300004959106
7.87200021743774
7.94799995422363
7.92600011825562
7.91900014877319
7.93300008773804
7.88199996948242
7.97100019454956
7.90399980545044
7.91300010681152
7.92700004577637
7.93499994277954
7.98600006103516
7.87099981307983
7.95300006866455
7.88199996948242
7.9539999961853
7.88700008392334
7.9689998626709
7.95599985122681
7.88100004196167
7.95699977874756
7.87799978256226
7.96400022506714
7.93300008773804
7.92600011825562
7.96400022506714
7.87099981307983
7.94799995422363
7.92600011825562
7.94199991226196
7.9520001411438
7.87900018692017
7.94799995422363
7.9210000038147
7.95800018310547
7.91499996185303
7.90999984741211
7.90000009536743
7.97300004959106
7.97100019454956
7.89799976348877
7.95100021362305
7.93499994277954
7.92999982833862
7.91300010681152
7.93499994277954
7.93699979782104
7.95300006866455
7.96000003814697
7.89400005340576
7.9520001411438
7.91300010681152
7.93200016021729
7.93800020217896
7.93400001525879
7.9520001411438
7.90100002288818
7.96700000762939
7.91699981689453
7.95100021362305
7.94600009918213
7.89200019836426
7.93599987030029
7.91599988937378
7.97200012207031
7.88000011444092
7.87900018692017
8.00100040435791
7.91699981689453
7.9539999961853
7.91400003433228
7.94399976730347
7.93599987030029
7.94899988174438
7.94000005722046
7.92700004577637
7.93800020217896
7.93800020217896
7.91900014877319
7.94199991226196
7.90100002288818
7.99399995803833
7.85500001907349
8.01299953460693
7.8600001335144
8.00699996948242
7.92600011825562
7.93400001525879
7.94700002670288
7.92500019073486
7.95300006866455
7.90299987792969
7.98199987411499
7.87599992752075
7.97100019454956
7.93800020217896
7.86600017547607
7.92199993133545
7.98899984359741
7.94999980926514
7.91099977493286
7.96999979019165
7.89400005340576
7.92600011825562
7.97100019454956
7.93100023269653
7.92600011825562
7.90100002288818
7.98999977111816
7.89200019836426
7.97200012207031
7.87400007247925
7.93200016021729
7.9980001449585
7.87799978256226
8.00599956512451
7.90700006484985
7.94700002670288
7.93599987030029
7.90899991989136
7.96799993515015
7.88199996948242
7.99499988555908
7.92399978637695
7.94500017166138
7.94899988174438
7.90999984741211
7.9520001411438
7.86899995803833
8.01500034332275
7.84999990463257
8.00899982452393
7.92700004577637
7.91499996185303
7.96400022506714
7.90899991989136
7.97599983215332
7.89799976348877
7.92399978637695
7.96299982070923
7.89699983596802
7.98099994659424
7.89099979400635
7.99300003051758
7.86299991607666
8.0019998550415
7.88700008392334
7.96400022506714
7.94899988174438
7.92799997329712
7.95100021362305
7.88700008392334
7.97399997711182
7.89699983596802
7.95800018310547
7.96299982070923
7.88899993896484
7.96099996566772
7.89499998092651
7.98999977111816
7.88500022888184
7.99200010299683
7.8769998550415
7.94399976730347
7.97300004959106
7.90000009536743
7.96700000762939
7.90199995040894
7.96199989318848
7.83199977874756
7.9850001335144
7.93400001525879
7.94099998474121
7.97700023651123
7.89400005340576
7.96099996566772
7.95599985122681
7.88199996948242
7.98899984359741
7.88199996948242
7.93599987030029
7.93200016021729
7.92899990081787
7.99599981307983
7.86800003051758
8.00300025939941
7.88700008392334
7.93300008773804
7.94099998474121
7.98199987411499
7.90700006484985
7.92600011825562
7.91800022125244
7.91800022125244
7.9520001411438
7.875
7.98999977111816
8.01399993896484
7.90899991989136
7.86999988555908
7.92199993133545
7.9850001335144
7.87200021743774
7.99300003051758
7.86800003051758
7.9689998626709
7.93599987030029
7.92899990081787
7.93599987030029
7.94000005722046
7.96400022506714
7.90799999237061
7.92899990081787
7.95599985122681
7.91499996185303
7.94099998474121
7.9229998588562
7.97300004959106
7.90000009536743
7.94899988174438
7.93499994277954
7.91800022125244
7.94999980926514
7.92000007629395
7.94899988174438
7.91900014877319
7.94899988174438
7.96199989318848
7.89799976348877
7.93699979782104
7.93499994277954
7.94799995422363
7.92700004577637
7.92600011825562
7.94999980926514
7.92000007629395
7.98699998855591
7.88600015640259
7.93599987030029
7.92799997329712
7.95100021362305
7.92999982833862
7.92600011825562
7.95499992370605
7.91900014877319
7.94099998474121
7.90299987792969
7.96500015258789
7.91900014877319
7.94999980926514
7.94500017166138
7.91800022125244
7.93400001525879
7.93300008773804
7.92799997329712
7.94299983978271
7.91599988937378
7.95800018310547
7.92399978637695
7.95499992370605
7.91300010681152
7.97300004959106
7.90199995040894
7.94099998474121
7.94500017166138
7.92399978637695
7.94399976730347
7.92700004577637
7.94099998474121
7.87099981307983
7.97399997711182
7.90799999237061
7.94700002670288
7.94199991226196
7.92399978637695
7.93400001525879
7.93200016021729
7.94199991226196
7.95499992370605
7.90700006484985
7.96400022506714
7.91400003433228
7.95300006866455
7.92000007629395
7.95100021362305
7.92700004577637
7.94000005722046
7.93300008773804
7.90999984741211
7.96400022506714
7.8600001335144
7.97800016403198
7.92500019073486
7.93400001525879
7.91099977493286
7.94999980926514
7.91400003433228
7.96299982070923
7.94700002670288
7.91900014877319
7.93200016021729
7.94799995422363
7.95699977874756
7.92199993133545
7.90899991989136
7.95900011062622
7.90500020980835
7.93499994277954
7.9539999961853
7.9229998588562
7.94799995422363
7.93100023269653
7.94299983978271
7.90999984741211
7.94799995422363
7.95699977874756
7.92399978637695
7.93499994277954
7.91400003433228
7.95699977874756
7.90799999237061
7.92899990081787
7.94799995422363
7.93400001525879
7.9539999961853
7.91400003433228
7.92399978637695
7.93499994277954
7.95699977874756
7.94099998474121
7.85500001907349
7.98299980163574
7.85300016403198
7.96199989318848
7.89300012588501
7.97499990463257
7.94700002670288
7.91699981689453
7.95599985122681
7.90799999237061
7.97499990463257
7.89900016784668
7.95800018310547
7.9210000038147
7.94899988174438
7.93699979782104
7.87200021743774
7.9520001411438
7.93599987030029
7.95699977874756
7.9229998588562
7.93800020217896
7.93599987030029
7.93200016021729
7.94999980926514
7.91300010681152
7.9520001411438
7.88299989700317
7.94399976730347
7.94199991226196
7.92799997329712
7.93800020217896
7.90199995040894
7.97800016403198
7.90700006484985
7.94000005722046
7.94099998474121
7.8600001335144
7.81300020217896
8.07100009918213
8.03600025177002
7.90899991989136
7.96199989318848
7.92500019073486
7.875
7.98400020599365
7.88800001144409
7.89499998092651
7.92399978637695
7.95100021362305
7.95599985122681
7.88600015640259
7.93800020217896
7.88500022888184
7.86800003051758
7.99100017547607
7.87599992752075
7.99300003051758
7.8899998664856
7.96400022506714
7.87799978256226
7.96099996566772
7.87599992752075
7.96099996566772
7.8730001449585
7.89499998092651
7.97599983215332
7.875
7.9980001449585
7.91200017929077
7.93100023269653
7.86700010299683
7.93300008773804
7.90299987792969
7.91499996185303
7.99599981307983
7.85699987411499
7.9520001411438
7.8899998664856
7.90899991989136
7.91800022125244
7.93100023269653
7.90799999237061
7.89300012588501
7.95699977874756
7.90799999237061
7.89400005340576
7.96500015258789
7.88700008392334
7.88899993896484
7.92799997329712
7.85300016403198
7.97800016403198
7.9060001373291
7.91800022125244
7.90500020980835
7.93300008773804
7.90500020980835
7.89699983596802
7.91699981689453
7.95699977874756
7.95100021362305
7.87099981307983
7.95900011062622
7.89499998092651
7.88700008392334
7.94099998474121
7.9060001373291
7.90700006484985
7.90199995040894
7.93300008773804
7.87599992752075
7.94000005722046
7.87400007247925
7.94600009918213
7.89099979400635
7.91900014877319
7.92600011825562
7.91099977493286
7.94500017166138
7.875
7.93499994277954
7.89499998092651
7.9229998588562
7.96500015258789
7.88199996948242
7.96400022506714
7.87799978256226
7.92199993133545
7.89900016784668
7.91599988937378
7.93300008773804
7.87900018692017
7.91499996185303
7.91400003433228
7.92000007629395
7.89499998092651
7.92999982833862
7.88800001144409
7.92500019073486
7.9539999961853
7.86199998855591
7.96299982070923
7.90100002288818
7.90999984741211
7.91099977493286
7.90799999237061
7.90999984741211
7.91200017929077
7.90799999237061
7.91900014877319
7.90199995040894
7.92399978637695
7.90000009536743
7.91900014877319
7.89200019836426
7.97300004959106
7.87599992752075
7.93100023269653
7.89900016784668
7.89799976348877
7.91599988937378
7.90500020980835
7.93800020217896
7.8899998664856
7.91699981689453
7.88399982452393
7.94500017166138
7.92399978637695
7.89699983596802
7.96299982070923
7.85699987411499
7.95699977874756
7.875
7.95300006866455
7.91099977493286
7.92999982833862
7.91800022125244
7.88700008392334
7.92399978637695
7.88700008392334
7.91699981689453
7.90899991989136
7.90700006484985
7.92399978637695
7.88899993896484
7.9210000038147
7.90100002288818
7.9210000038147
7.89499998092651
7.91400003433228
7.8730001449585
7.97599983215332
7.90000009536743
7.91300010681152
7.90700006484985
7.91400003433228
7.90000009536743
7.92000007629395
7.89099979400635
7.92700004577637
7.89799976348877
7.9210000038147
7.90899991989136
7.8899998664856
7.91400003433228
7.92600011825562
7.89799976348877
7.90000009536743
7.92000007629395
7.92000007629395
7.89599990844727
7.92999982833862
7.88199996948242
7.92399978637695
7.86700010299683
7.9539999961853
7.93599987030029
7.92700004577637
7.88700008392334
7.92799997329712
7.86100006103516
7.98099994659424
7.91900014877319
7.90700006484985
7.91699981689453
7.90100002288818
7.90100002288818
7.93100023269653
7.89099979400635
7.91499996185303
7.90199995040894
7.90299987792969
7.91499996185303
7.88399982452393
7.97100019454956
7.89799976348877
7.93800020217896
7.88899993896484
7.91900014877319
7.91900014877319
7.86999988555908
7.96799993515015
7.8899998664856
7.92799997329712
7.88100004196167
7.92700004577637
7.88800001144409
7.91599988937378
7.88800001144409
7.96799993515015
7.90100002288818
7.90899991989136
7.94199991226196
7.92899990081787
7.86600017547607
7.94999980926514
7.87400007247925
7.94700002670288
7.95599985122681
7.90000009536743
7.90000009536743
7.90299987792969
7.88299989700317
7.97200012207031
7.93599987030029
7.8730001449585
7.8769998550415
8.03600025177002
7.90700006484985
7.92799997329712
7.88399982452393
7.95100021362305
7.88100004196167
7.95800018310547
7.90899991989136
7.89499998092651
7.96799993515015
7.875
7.94399976730347
7.90899991989136
7.97200012207031
7.86999988555908
7.94999980926514
7.95900011062622
7.87400007247925
7.95699977874756
7.88000011444092
7.98000001907349
7.88700008392334
7.94899988174438
7.875
7.94099998474121
7.94899988174438
7.85300016403198
7.99599981307983
7.73199987411499
7.93900012969971
8.00599956512451
7.8730001449585
7.99700021743774
7.91499996185303
7.98999977111816
7.94600009918213
8.07699966430664
7.94799995422363
7.94399976730347
7.95499992370605
7.87900018692017
8.05799961090088
7.87400007247925
8.01799964904785
7.98600006103516
7.92999982833862
7.9520001411438
7.88299989700317
8.01399993896484
7.98299980163574
7.98400020599365
7.99200010299683
7.90100002288818
7.98999977111816
7.94799995422363
7.98199987411499
7.94899988174438
7.98999977111816
7.94899988174438
7.95699977874756
7.94999980926514
7.98099994659424
7.97599983215332
8.03600025177002
7.91699981689453
7.95499992370605
8.00399971008301
7.89699983596802
7.96099996566772
7.9520001411438
8
7.97200012207031
7.92999982833862
7.93400001525879
7.95699977874756
7.99200010299683
7.93900012969971
7.92700004577637
8.02200031280518
7.96799993515015
7.95800018310547
8.04899978637695
7.8769998550415
7.96600008010864
7.98799991607666
7.9850001335144
7.9520001411438
7.96000003814697
8.0019998550415
7.92899990081787
8.02600002288818
7.95900011062622
7.99300003051758
8.07699966430664
7.99100017547607
7.9539999961853
7.97200012207031
7.96500015258789
7.96000003814697
8.02700042724609
7.875
7.93499994277954
7.96400022506714
7.93100023269653
7.93499994277954
7.9210000038147
7.95800018310547
7.875
7.98400020599365
7.92600011825562
7.94500017166138
7.95499992370605
7.89099979400635
7.96400022506714
7.8769998550415
7.94500017166138
7.91300010681152
8.01700019836426
7.93100023269653
7.93900012969971
7.86800003051758
7.95300006866455
7.98899984359741
7.8769998550415
7.96700000762939
7.93900012969971
7.94700002670288
7.91900014877319
7.9229998588562
7.95699977874756
7.90999984741211
7.93499994277954
7.97800016403198
7.89099979400635
7.97700023651123
7.89400005340576
7.94299983978271
7.93699979782104
7.94000005722046
7.91699981689453
7.93499994277954
7.95499992370605
7.92500019073486
7.94999980926514
7.91900014877319
7.95499992370605
7.94600009918213
7.9210000038147
7.92399978637695
7.93800020217896
7.96600008010864
7.91200017929077
7.94399976730347
7.94099998474121
7.90700006484985
7.97399997711182
7.88700008392334
7.97700023651123
7.91699981689453
7.94799995422363
7.90899991989136
7.96000003814697
7.92999982833862
7.90899991989136
7.96600008010864
7.88800001144409
7.98999977111816
7.90399980545044
7.94199991226196
7.94000005722046
7.92799997329712
7.90799999237061
7.94299983978271
7.94299983978271
7.93599987030029
7.9520001411438
7.95100021362305
7.91699981689453
7.94000005722046
7.91900014877319
7.95900011062622
7.90399980545044
7.97599983215332
7.90299987792969
7.93699979782104
7.96299982070923
7.89900016784668
7.94000005722046
7.93599987030029
7.92899990081787
7.94700002670288
7.88800001144409
8.00899982452393
7.89699983596802
7.92799997329712
7.93699979782104
7.91699981689453
7.97499990463257
7.90100002288818
7.97900009155273
7.91599988937378
7.9689998626709
7.89300012588501
7.95800018310547
7.92999982833862
7.9210000038147
7.97700023651123
7.89599990844727
7.96400022506714
7.9060001373291
7.94899988174438
7.91900014877319
7.93900012969971
7.94399976730347
7.91699981689453
7.93900012969971
7.93499994277954
7.9539999961853
7.89699983596802
7.96000003814697
7.9229998588562
7.93900012969971
7.91699981689453
7.84499979019165
8.01299953460693
7.98199987411499
8.02000045776367
7.95599985122681
7.96999979019165
7.95300006866455
7.91900014877319
7.9539999961853
7.90799999237061
7.96799993515015
7.94199991226196
7.89300012588501
7.96799993515015
7.89900016784668
7.94000005722046
7.94500017166138
7.94299983978271
7.94000005722046
10.7959995269775
4.96299982070923
7.94600009918213
7.96799993515015
7.93100023269653
8.05099964141846
8.02999973297119
7.9229998588562
8
7.97800016403198
7.97900009155273
7.96000003814697
7.97700023651123
7.97100019454956
7.90399980545044
7.98799991607666
7.92600011825562
7.9539999961853
7.90899991989136
7.94500017166138
7.91800022125244
7.94899988174438
7.92999982833862
7.94099998474121
7.88299989700317
7.96999979019165
7.94000005722046
7.92399978637695
7.97200012207031
7.90199995040894
7.93800020217896
7.92500019073486
7.93699979782104
7.93900012969971
7.93599987030029
7.94000005722046
7.93900012969971
7.9210000038147
7.94500017166138
7.90799999237061
7.91300010681152
7.94500017166138
7.9689998626709
7.94399976730347
7.90700006484985
7.94000005722046
7.92999982833862
7.93300008773804
7.93699979782104
7.94600009918213
7.92899990081787
7.92600011825562
7.95699977874756
7.91400003433228
7.93400001525879
7.91099977493286
7.94600009918213
7.94000005722046
7.93400001525879
7.97100019454956
7.89799976348877
7.95699977874756
7.92000007629395
7.94399976730347
7.93499994277954
7.93300008773804
7.94299983978271
7.91400003433228
7.95900011062622
7.91900014877319
7.93200016021729
7.88199996948242
7.96799993515015
7.94500017166138
7.92000007629395
7.94799995422363
7.93200016021729
7.9520001411438
7.91200017929077
7.91300010681152