7.79500007629395
8.02700042724609
7.94999980926514
8.04500007629395
8.00300025939941
7.96999979019165
7.96999979019165
7.92199993133545
7.97700023651123
7.8899998664856
7.95699977874756
7.94999980926514
7.8730001449585
7.87099981307983
7.93900012969971
7.98400020599365
7.91300010681152
7.92500019073486
7.96500015258789
7.90100002288818
7.96199989318848
7.91800022125244
7.95900011062622
7.91099977493286
7.94600009918213
7.875
7.94700002670288
7.92500019073486
7.94299983978271
7.93699979782104
7.91099977493286
7.96400022506714
7.91400003433228
7.94899988174438
7.93800020217896
7.88899993896484
7.96099996566772
7.87599992752075
7.96799993515015
7.91699981689453
7.96299982070923
7.93100023269653
7.90700006484985
7.94999980926514
7.9229998588562
7.93200016021729
7.95800018310547
7.9210000038147
7.9520001411438
7.91200017929077
7.94199991226196
7.88500022888184
7.94799995422363
7.92899990081787
7.89400005340576
7.90299987792969
7.93300008773804
7.93200016021729
7.85300016403198
8.00100040435791
7.87099981307983
7.97200012207031
7.92399978637695
7.84100008010864
7.98899984359741
7.87900018692017
7.96600008010864
7.8730001449585
7.97399997711182
7.93200016021729
7.92700004577637
7.94899988174438
7.86600017547607
7.97599983215332
7.91499996185303
7.91200017929077
7.93800020217896
7.9060001373291
7.94799995422363
7.89599990844727
7.95900011062622
7.8899998664856
7.95800018310547
7.85300016403198
7.99499988555908
7.89300012588501
7.89300012588501
7.92500019073486
7.89400005340576
7.96500015258789
7.88600015640259
7.94799995422363
7.95599985122681
7.81899976730347
8.03899955749512
7.87799978256226
7.97599983215332
7.86600017547607
7.93599987030029
7.96199989318848
7.87900018692017
7.94899988174438
7.89400005340576
7.90100002288818
7.90899991989136
7.97100019454956
7.89799976348877
7.8899998664856
7.93100023269653
7.87200021743774
7.94999980926514
7.90299987792969
7.90299987792969
7.90199995040894
7.88600015640259
7.80299997329712
7.97900009155273
8.12800025939941
7.91099977493286
7.99599981307983
7.99100017547607
7.89900016784668
7.93499994277954
7.90000009536743
7.96799993515015
7.84800004959106
7.94899988174438
7.90399980545044
7.90100002288818
7.9210000038147
7.8899998664856
7.91200017929077
7.86199998855591
7.96199989318848
7.92000007629395
7.93900012969971
7.94899988174438
7.85599994659424
7.94899988174438
7.90399980545044
7.92199993133545
7.89900016784668
7.91599988937378
7.96099996566772
7.87400007247925
7.91800022125244
7.91099977493286
7.96400022506714
7.88600015640259
7.92500019073486
7.9229998588562
7.87799978256226
7.91699981689453
7.90299987792969
7.89799976348877
7.9229998588562
7.91300010681152
7.91499996185303
7.91200017929077
7.95499992370605
7.86299991607666
7.93699979782104
7.88000011444092
7.94799995422363
7.91800022125244
7.90899991989136
7.90000009536743
7.92000007629395
7.90999984741211
7.90500020980835
7.90100002288818
7.97900009155273
7.85699987411499
7.95300006866455
7.88700008392334
7.9229998588562
7.88199996948242
7.93599987030029
7.88800001144409
7.92999982833862
7.87200021743774
7.94099998474121
7.86199998855591
7.98199987411499
7.91200017929077
7.87900018692017
7.92700004577637
7.90199995040894
7.93599987030029
7.90799999237061
7.91200017929077
7.90199995040894
7.80900001525879
8.04199981689453
7.90000009536743
7.91300010681152
7.92899990081787
7.87799978256226
7.9229998588562
7.9060001373291
7.90199995040894
7.94600009918213
7.85500001907349
7.8439998626709
7.89300012588501
7.94999980926514
8
8.11800003051758
7.94799995422363
7.74100017547607
7.95599985122681
7.99499988555908
7.96000003814697
7.89099979400635
7.7810001373291
7.9229998588562
7.8600001335144
7.77199983596802
7.98299980163574
7.8899998664856
7.69500017166138
7.82200002670288
7.98199987411499
7.92500019073486
7.92700004577637
7.71500015258789
7.89099979400635
7.96500015258789
7.78900003433228
7.92199993133545
7.80200004577637
7.91300010681152
7.63000011444092
8.05799961090088
7.94999980926514
7.80600023269653
7.91300010681152
7.9980001449585
7.92000007629395
7.96099996566772
7.9229998588562
7.89099979400635
7.93400001525879
7.88800001144409
7.92199993133545
7.9060001373291
7.91699981689453
7.90899991989136
7.89499998092651
7.91099977493286
7.89699983596802
7.88700008392334
7.93300008773804
7.92899990081787
7.97800016403198
7.86600017547607
7.96500015258789
7.96299982070923
7.98999977111816
7.99300003051758
8.00100040435791
8.02000045776367
7.96000003814697
7.99200010299683
7.93100023269653
8.00699996948242
7.98199987411499
7.96299982070923
7.97200012207031
7.84600019454956
8.0019998550415
7.9060001373291
7.90500020980835
7.88299989700317
7.93599987030029
7.91499996185303
7.88600015640259
7.94500017166138
7.88600015640259
7.8769998550415
7.95100021362305
7.93200016021729
8
7.82299995422363
7.9520001411438
7.86100006103516
7.9980001449585
7.90899991989136
7.84499979019165
7.93400001525879
7.85699987411499
8.07699966430664
7.91300010681152
7.94799995422363
7.79899978637695
8.04500007629395
7.93100023269653
7.87200021743774
7.91900014877319
7.96000003814697
7.85099983215332
7.99300003051758
7.86899995803833
7.93400001525879
8.00500011444092
7.93200016021729
7.93100023269653
7.94299983978271
7.9539999961853
7.91499996185303
7.93699979782104
7.93900012969971
7.96600008010864
7.81899976730347
8.05900001525879
7.86399984359741
7.94399976730347
7.96299982070923
7.87599992752075
7.94999980926514
7.90100002288818
7.9850001335144
7.86999988555908
7.92500019073486
7.94999980926514
7.8899998664856
7.93200016021729
7.84999990463257
7.94799995422363
8.04800033569336
7.96500015258789
7.88299989700317
7.94199991226196
7.94500017166138
7.91300010681152
7.93499994277954
7.93800020217896
7.95100021362305
7.92500019073486
7.94199991226196
7.94099998474121
7.88700008392334
7.95499992370605
7.92199993133545
7.95300006866455
7.80100011825562
7.92000007629395
8.02700042724609
7.93300008773804
7.80999994277954
7.96600008010864
7.90999984741211
7.90399980545044
7.71099996566772
7.56099987030029
7.99499988555908
7.91400003433228
7.92899990081787
7.9689998626709
8.19799995422363
7.60500001907349
8.04699993133545
8.0019998550415
7.90199995040894
7.69299983978271
7.97700023651123
7.96000003814697
7.86899995803833
7.83500003814697
7.71299982070923
7.78999996185303
8.10999965667725
7.79099988937378
7.86100006103516
7.77500009536743
7.87099981307983
7.80399990081787
7.71600008010864
8.10799980163574
7.77299976348877
7.86199998855591
8.10299968719482
7.90000009536743
7.86199998855591
7.94000005722046
7.9229998588562
8.01299953460693
7.94399976730347
8.16199970245361
7.76900005340576
7.95499992370605
7.82499980926514
7.68699979782104
8.04399967193604
7.93699979782104
8.04100036621094
7.97100019454956
7.99499988555908
7.91900014877319
7.92000007629395
7.96199989318848
7.92500019073486
7.92700004577637
7.92600011825562
7.89599990844727
8.01099967956543
7.85099983215332
8.0019998550415
7.90299987792969
7.96299982070923
7.85699987411499
7.99700021743774
7.94000005722046
7.92700004577637
7.93200016021729
7.93599987030029
7.95699977874756
7.90199995040894
7.89499998092651
7.92199993133545
8.08300018310547
7.95300006866455
7.56099987030029
7.89699983596802
7.91200017929077
7.96600008010864
7.87900018692017
7.96999979019165
7.88800001144409
7.91599988937378
8.18200016021729
7.75400018692017
7.72399997711182
7.71000003814697
7.91200017929077
7.96500015258789
7.90799999237061
7.97599983215332
7.90500020980835
8.00100040435791
7.91300010681152
7.90999984741211
7.97800016403198
7.90700006484985
7.94700002670288
7.89900016784668
8.0019998550415
7.85699987411499
7.98699998855591
7.92700004577637
7.90000009536743
7.98600006103516
7.86299991607666
7.99200010299683
7.86899995803833
8.00300025939941
7.87200021743774
7.97900009155273
7.90199995040894
7.92999982833862
7.92500019073486
7.96400022506714
7.96000003814697
7.94399976730347
7.91300010681152
7.96099996566772
7.87900018692017
7.98999977111816
7.87400007247925
7.99200010299683
7.91499996185303
7.94500017166138
7.93599987030029
7.86499977111816
8.00800037384033
7.88500022888184
7.96799993515015
7.96999979019165
7.85400009155273
7.94700002670288
7.9689998626709
7.8769998550415
7.94399976730347
8.04399967193604
7.76200008392334
7.82100009918213
8.00300025939941
7.85799980163574
7.90000009536743
7.99499988555908
7.98199987411499
7.88600015640259
7.98400020599365
7.92899990081787
7.89699983596802
7.93599987030029
7.94399976730347
7.92700004577637
7.93699979782104
8.03999996185303
7.89599990844727
7.91699981689453
7.97700023651123
7.93300008773804
7.88100004196167
8.0319995880127
7.88299989700317
7.68200016021729
7.92399978637695
7.94399976730347
7.91800022125244
7.92999982833862
7.85500001907349
8.04699993133545
7.89900016784668
7.93400001525879
7.98999977111816
7.875
7.94399976730347
7.92600011825562
7.93100023269653
7.99100017547607
7.8769998550415
7.94700002670288
7.92000007629395
7.86800003051758
7.86800003051758
7.96600008010864
8.09200000762939
7.82100009918213
7.66200017929077
7.91499996185303
7.95800018310547
7.77699995040894
7.84200000762939
7.84600019454956
8.07400035858154
7.96099996566772
7.90700006484985
7.95800018310547
7.91400003433228
7.99300003051758
7.86600017547607
7.96500015258789
7.92799997329712
7.94399976730347
7.92600011825562
7.94899988174438
7.92000007629395
7.94399976730347
7.92700004577637
7.94700002670288
7.91200017929077
7.95900011062622
7.9229998588562
7.87200021743774
7.98400020599365
7.84100008010864
7.99599981307983
7.93800020217896
7.89799976348877
7.95599985122681
7.94500017166138
7.92899990081787
7.92700004577637
7.96799993515015
7.88700008392334
7.97399997711182
7.91400003433228
7.95499992370605
7.92000007629395
7.95300006866455
7.92799997329712
7.91900014877319
7.94999980926514
7.93100023269653
7.94199991226196
7.89799976348877
8.0310001373291
7.79199981689453
8.16800022125244
7.97399997711182
7.39099979400635
8.00800037384033
7.84899997711182
7.96199989318848
7.88399982452393
7.97499990463257
7.93699979782104
7.8769998550415
8.0629997253418
7.86800003051758
7.74399995803833
7.81699991226196
7.93900012969971
7.94799995422363
7.91099977493286
7.95800018310547
7.89499998092651
7.98199987411499
7.89200019836426
7.95599985122681
7.93400001525879
7.94299983978271
7.90500020980835
7.96600008010864
7.85300016403198
7.97700023651123
7.88000011444092
7.98400020599365
7.85099983215332
8.01000022888184
7.89900016784668
7.97499990463257
7.88399982452393
7.98799991607666
7.89400005340576
7.96099996566772
7.92799997329712
7.93800020217896
7.9229998588562
7.95699977874756
7.87200021743774
7.98699998855591
7.91699981689453
7.93800020217896
7.9210000038147
7.96400022506714
7.91200017929077
7.94299983978271
7.8289999961853
7.86499977111816
7.99499988555908
8.14299964904785
7.97800016403198
7.64499998092651
7.82600021362305
7.89300012588501
7.98400020599365
8.1540002822876
7.81500005722046
7.89400005340576
7.88800001144409
7.88399982452393
7.96600008010864
7.99200010299683
7.96799993515015
7.92199993133545
7.89099979400635
7.98699998855591
7.91599988937378
7.91900014877319
7.94500017166138
7.93100023269653
7.82299995422363
8.00899982452393
8.02400016784668
7.73000001907349
7.70499992370605
8.01599979400635
7.94199991226196
7.9229998588562
7.94199991226196
7.80399990081787
8.01200008392334
7.89300012588501
7.91099977493286
7.96600008010864
7.87099981307983
8.17000007629395
7.84299993515015
7.81099987030029
7.5460000038147
7.95900011062622
8.16600036621094
7.90999984741211
7.75600004196167
7.91800022125244
7.81500005722046
7.80800008773804
7.82399988174438
7.78999996185303
7.96299982070923
8.06700038909912
7.81899976730347
7.95800018310547
7.88600015640259
7.98400020599365
7.86100006103516
7.98999977111816
7.87799978256226
7.88199996948242
8.00100040435791
7.92000007629395
7.92899990081787
7.92500019073486
7.95900011062622
7.83500003814697
7.96500015258789
7.95900011062622
7.88199996948242
7.96999979019165
7.86999988555908
7.94399976730347
7.86800003051758
7.86800003051758
7.9850001335144
7.91200017929077
8.11100006103516
7.80399990081787
7.69099998474121
8.02700042724609
7.81199979782104
7.82000017166138
7.70900011062622
8.16199970245361
7.83599996566772
7.69500017166138
7.94199991226196
8.01599979400635
7.94600009918213
7.90000009536743
7.98099994659424
7.84999990463257
7.96199989318848
7.92500019073486
7.86299991607666
8.01200008392334
7.85799980163574
7.92700004577637
7.93499994277954
7.90799999237061
7.90199995040894
7.91200017929077
7.95300006866455
7.84299993515015
7.99100017547607
7.89799976348877
8.02700042724609
7.9060001373291
7.73600006103516
8.00399971008301
7.71600008010864
7.80000019073486
7.82999992370605
7.70300006866455
7.88000011444092
7.91800022125244
8.04300022125244
7.90000009536743
7.91499996185303
7.90799999237061
7.9210000038147
7.88399982452393
7.94500017166138
7.88800001144409
7.92199993133545
7.93699979782104
7.92500019073486
8.16199970245361
7.76300001144409
7.76599979400635
7.89499998092651
7.94600009918213
7.88899993896484
7.86999988555908
8.11200046539307
7.80600023269653
7.76200008392334
7.80900001525879
7.89099979400635
8.2209997177124
7.89099979400635
8.0019998550415
7.91599988937378
7.98199987411499
7.94799995422363
7.9210000038147
7.92500019073486
7.90299987792969
7.92999982833862
7.89799976348877
7.91599988937378
7.90199995040894
7.90799999237061
7.93499994277954
7.85500001907349
7.99399995803833
7.86100006103516
8.13500022888184
7.76000022888184
7.69500017166138
7.88600015640259
7.97300004959106
7.76599979400635
7.82499980926514
8.04699993133545
7.85099983215332
8.01799964904785
7.98799991607666
7.87099981307983
7.87400007247925
7.96500015258789
7.88399982452393
7.93599987030029
7.89499998092651
7.93800020217896
7.89799976348877
7.92500019073486
7.89699983596802
7.8769998550415
7.90500020980835
7.90999984741211
8.05799961090088
7.89200019836426
7.63700008392334
7.93599987030029
7.79899978637695
7.75400018692017
7.96299982070923
7.73899984359741
7.92799997329712
7.96600008010864
7.95499992370605
7.96400022506714
7.84600019454956
7.95900011062622
7.93300008773804
7.90000009536743
7.89699983596802
7.93599987030029
7.90100002288818
7.91499996185303
7.91499996185303
7.90100002288818
7.88299989700317
7.96299982070923
7.88399982452393
7.89900016784668
7.88000011444092
8.17300033569336
7.82800006866455
7.66900014877319
7.84299993515015
8.11100006103516
7.69099998474121
7.83500003814697
7.99399995803833
7.92500019073486
7.93599987030029
7.92700004577637
7.88899993896484
7.89900016784668
7.90899991989136
7.9689998626709
7.91300010681152
7.90899991989136
7.90199995040894
7.89300012588501
7.93200016021729
7.87900018692017
7.95900011062622
7.90100002288818
7.92799997329712
7.8730001449585
7.85599994659424
8.00699996948242
8.0629997253418
7.89400005340576
7.64099979400635
7.92700004577637
8.13799953460693
7.63899993896484
7.90500020980835
7.83099985122681
8.125
7.84600019454956
7.99300003051758
7.97499990463257
7.90999984741211
7.90899991989136
7.88800001144409
7.91900014877319
7.90500020980835
7.89900016784668
7.89699983596802
7.92199993133545
7.98999977111816
7.88899993896484
7.9210000038147
7.89599990844727
7.89200019836426
8.01200008392334
7.94399976730347
7.71199989318848
7.76800012588501
7.93900012969971
7.95699977874756
7.90000009536743
7.91400003433228
8.11499977111816
7.89699983596802
7.54899978637695
7.76300001144409
7.93400001525879
8.1870002746582
7.73000001907349
7.83199977874756
7.94799995422363
8.13399982452393
7.77400016784668
7.86399984359741
8.04599952697754
7.90299987792969
7.97800016403198
7.93599987030029
7.83699989318848
7.92199993133545
7.93800020217896
7.93400001525879
7.90500020980835
7.98699998855591
7.95599985122681
7.97900009155273
8.00300025939941
7.94899988174438
7.99499988555908
7.94899988174438
7.98099994659424
7.98000001907349
7.93900012969971
8
7.97200012207031
7.98600006103516
8.10799980163574
7.74700021743774
7.93900012969971
8.14599990844727
7.99100017547607
7.79199981689453
7.90899991989136
7.95900011062622
7.86100006103516
7.73699998855591
7.92600011825562
8.14000034332275
7.96199989318848
7.86299991607666
7.92600011825562
8.04399967193604
7.9060001373291
8.12600040435791
7.95499992370605
7.78000020980835
7.94600009918213
8.01500034332275
7.90500020980835
7.88500022888184
7.94099998474121
7.92199993133545
7.8730001449585
7.96000003814697
7.85699987411499
7.94799995422363
7.93599987030029
7.90799999237061
8.00599956512451
8.04399967193604
7.95900011062622
7.71799993515015
7.69600009918213
8.1870002746582
7.71400022506714
7.9210000038147
7.87200021743774
8.04500007629395
7.83599996566772
8.02400016784668
7.80299997329712
8.00500011444092
7.875
7.98400020599365
7.95599985122681
7.88700008392334
7.95499992370605
7.81199979782104
7.93499994277954
7.90999984741211
7.85799980163574
8.23400020599365
7.875
7.79199981689453
7.89300012588501
7.77600002288818
7.60799980163574
7.875
8.01900005340576
7.81699991226196
7.98699998855591
7.83099985122681
7.97800016403198
7.93300008773804
7.93400001525879
7.9850001335144
8.11299991607666
7.81300020217896
7.62400007247925
8.06400012969971
7.82399988174438
7.79300022125244
7.73699998855591
8.14999961853027
7.83900022506714
7.75500011444092
7.91800022125244
7.94000005722046