7.8899998664856
8.02200031280518
7.89300012588501
8.0310001373291
7.89499998092651
7.94500017166138
7.99200010299683
7.98799991607666
7.93499994277954
7.90399980545044
7.94299983978271
7.89300012588501
7.91200017929077
7.97399997711182
7.86999988555908
7.9229998588562
7.91099977493286
7.90700006484985
7.97100019454956
7.875
7.89400005340576
7.85900020599365
7.99700021743774
7.89099979400635
7.96099996566772
8.09200000762939
7.88100004196167
7.94199991226196
7.89300012588501
7.94199991226196
7.89900016784668
7.96700000762939
7.88700008392334
7.89400005340576
7.99200010299683
7.84600019454956
7.94000005722046
7.89699983596802
7.94999980926514
7.87400007247925
7.92799997329712
7.88800001144409
7.92999982833862
7.9520001411438
7.89300012588501
7.91200017929077
7.89200019836426
7.90999984741211
7.94299983978271
7.88100004196167
7.9210000038147
7.89599990844727
7.96999979019165
7.89099979400635
7.91800022125244
7.91099977493286
7.89699983596802
7.90799999237061
7.89200019836426
8.00100040435791
7.86899995803833
7.93100023269653
7.96500015258789
7.86299991607666
7.93699979782104
7.89400005340576
7.91099977493286
7.91300010681152
7.92000007629395
7.91699981689453
7.88399982452393
7.92199993133545
7.86800003051758
7.96199989318848
7.9520001411438
7.875
7.94899988174438
7.89300012588501
7.93499994277954
7.83300018310547
8.00599956512451
7.89699983596802
7.95900011062622
7.88100004196167
7.92199993133545
7.90299987792969
7.91099977493286
7.9210000038147
7.8769998550415
7.94600009918213
7.91800022125244
7.89699983596802
7.91400003433228
7.91800022125244
7.91300010681152
7.88299989700317
7.92000007629395
7.90199995040894
7.92000007629395
7.92700004577637
7.9060001373291
7.91900014877319
7.74599981307983
8.14000034332275
7.94500017166138
7.98899984359741
7.92600011825562
7.90999984741211
7.85699987411499
7.7960000038147
8.13399982452393
7.96299982070923
7.98999977111816
7.98099994659424
7.94799995422363
8.05399990081787
7.86899995803833
7.91599988937378
7.90899991989136
7.92500019073486
7.9060001373291
7.86399984359741
7.97499990463257
7.89099979400635
7.94799995422363
7.90899991989136
7.90799999237061
7.90799999237061
7.90999984741211
7.92399978637695
7.85500001907349
7.98899984359741
7.8600001335144
7.98600006103516
7.9060001373291
7.90799999237061
7.91300010681152
7.90500020980835
7.93200016021729
7.8769998550415
7.93800020217896
7.88199996948242
7.87900018692017
7.98600006103516
7.89599990844727
7.92000007629395
7.86199998855591
7.97800016403198
7.90299987792969
7.92899990081787
7.93300008773804
7.8769998550415
7.97100019454956
7.89400005340576
7.92500019073486
7.88800001144409
7.9539999961853
7.89599990844727
7.91200017929077
7.86399984359741
7.97700023651123
7.89799976348877
7.96299982070923
7.92399978637695
7.89900016784668
7.87599992752075
7.84899997711182
8.05200004577637
7.99200010299683
7.95100021362305
7.97200012207031
7.85599994659424
7.95800018310547
7.90299987792969
7.94199991226196
7.94299983978271
7.91300010681152
7.96500015258789
7.90999984741211
7.88500022888184
7.96199989318848
7.88199996948242
7.95900011062622
7.88899993896484
7.96199989318848
7.88899993896484
7.89499998092651
7.9689998626709
7.84899997711182
7.9980001449585
7.88299989700317
7.9210000038147
7.94700002670288
7.9229998588562
7.97800016403198
7.86600017547607
7.96500015258789
7.88800001144409
7.99700021743774
7.86499977111816
7.96500015258789
7.93300008773804
7.88100004196167
7.9689998626709
7.86899995803833
7.95900011062622
7.91499996185303
7.94899988174438
7.82100009918213
7.98699998855591
7.91400003433228
7.94600009918213
7.93200016021729
7.92399978637695
7.97900009155273
7.90700006484985
7.94600009918213
7.94899988174438
7.93800020217896
7.90999984741211
7.92899990081787
7.92700004577637
7.98699998855591
7.89599990844727
7.97399997711182
7.86100006103516
7.87599992752075
7.9980001449585
7.93400001525879
7.96600008010864
7.9060001373291
7.89400005340576
7.88600015640259
7.96400022506714
7.93499994277954
7.94099998474121
7.95499992370605
7.95100021362305
7.93800020217896
7.90999984741211
7.97599983215332
7.88800001144409
7.94399976730347
7.90399980545044
7.92199993133545
7.94000005722046
7.93100023269653
7.96799993515015
7.93200016021729
7.92600011825562
7.94399976730347
7.91099977493286
7.98699998855591
7.84999990463257
7.94000005722046
7.83799982070923
8.0930004119873
7.88899993896484
7.96500015258789
7.93800020217896
7.9210000038147
7.9520001411438
7.92600011825562
7.95599985122681
7.90000009536743
7.95699977874756
7.93900012969971
7.83799982070923
7.9520001411438
7.97599983215332
7.87799978256226
7.99200010299683
7.98199987411499
7.94199991226196
7.88100004196167
7.97499990463257
7.86399984359741
7.99700021743774
7.8730001449585
7.93400001525879
7.94399976730347
7.91499996185303
8.02600002288818
7.85500001907349
7.9980001449585
7.83699989318848
7.97200012207031
8.00699996948242
7.86199998855591
8.00899982452393
7.89400005340576
7.94099998474121
7.88800001144409
8.00599956512451
7.86999988555908
7.94999980926514
7.94399976730347
7.96600008010864
7.94399976730347
7.8730001449585
7.93800020217896
7.94899988174438
7.92500019073486
7.94500017166138
7.93300008773804
7.90000009536743
7.94500017166138
7.9850001335144
7.99200010299683
7.95599985122681
7.94600009918213
7.9689998626709
7.97300004959106
7.85599994659424
7.99200010299683
7.89900016784668
7.98999977111816
7.94399976730347
7.88100004196167
7.98899984359741
7.85500001907349
7.96199989318848
7.89699983596802
8.01099967956543
7.92799997329712
7.93300008773804
7.88899993896484
7.88800001144409
7.96199989318848
7.98299980163574
7.9210000038147
7.99200010299683
7.91599988937378
7.96199989318848
7.93300008773804
7.92600011825562
7.8899998664856
7.99599981307983
7.93300008773804
7.90399980545044
7.97800016403198
7.87400007247925
7.98600006103516
7.92500019073486
7.92700004577637
7.87799978256226
7.84100008010864
8.00399971008301
8.04199981689453
7.91300010681152
7.81400012969971
8.03499984741211
7.91400003433228
7.88700008392334
7.82100009918213
7.69600009918213
7.93100023269653
7.97499990463257
7.76100015640259
7.90199995040894
7.68400001525879
7.91699981689453
8.04300022125244
7.65999984741211
8.00699996948242
7.71199989318848
7.94600009918213
7.95499992370605
7.92999982833862
7.91800022125244
7.98899984359741
7.875
7.94000005722046
7.95699977874756
7.95699977874756
7.95599985122681
7.80299997329712
7.95100021362305
7.91400003433228
8
7.875
7.9539999961853
7.93200016021729
7.93699979782104
8.01500034332275
7.85799980163574
7.98799991607666
7.89200019836426
7.94199991226196
7.98000001907349
7.86700010299683
7.99900007247925
7.89699983596802
7.98099994659424
7.88100004196167
7.9689998626709
7.8899998664856
7.94700002670288
7.96299982070923
7.90399980545044
7.93599987030029
7.92199993133545
7.93499994277954
7.94999980926514
7.90399980545044
7.97599983215332
7.90999984741211
7.9520001411438
7.91800022125244
8.00899982452393
7.79099988937378
7.91499996185303
7.93800020217896
7.99399995803833
7.91900014877319
7.94999980926514
7.94399976730347
7.92399978637695
7.93800020217896
7.95100021362305
7.91400003433228
7.96799993515015
7.90999984741211
7.9210000038147
7.95100021362305
7.96799993515015
7.80200004577637
7.88199996948242
8.03800010681152
7.91499996185303
8.00699996948242
7.95100021362305
8.12399959564209
7.82299995422363
7.84899997711182
7.71799993515015
7.80999994277954
8.06400012969971
7.90999984741211
7.80000019073486
8.03899955749512
7.70800018310547
7.89099979400635
8.0629997253418
7.71400022506714
7.86100006103516
7.91800022125244
8.03899955749512
7.78399991989136
7.97599983215332
7.93800020217896
7.95599985122681
7.83699989318848
7.93300008773804
8.0019998550415
7.91300010681152
7.90700006484985
7.93100023269653
7.95800018310547
7.88199996948242
7.92999982833862
7.87400007247925
8.00300025939941
7.93900012969971
7.90999984741211
7.90899991989136
8.18599987030029
7.7519998550415
8.03600025177002
7.79199981689453
7.87099981307983
7.8270001411438
8.08800029754639
7.97100019454956
7.98199987411499
7.89200019836426
7.94700002670288
7.93300008773804
7.92799997329712
7.86299991607666
7.95699977874756
7.88800001144409
7.95599985122681
7.90000009536743
7.98000001907349
7.84100008010864
8.00800037384033
7.90700006484985
7.96099996566772
7.86800003051758
7.90000009536743
7.92999982833862
7.96000003814697
8.02600002288818
7.71099996566772
7.90199995040894
7.83400011062622
7.99599981307983
7.89799976348877
7.96500015258789
7.94600009918213
7.89799976348877
8.02000045776367
7.83099985122681
7.75400018692017
7.80800008773804
7.88000011444092
7.94199991226196
7.96500015258789
7.98299980163574
7.89699983596802
7.96099996566772
7.91599988937378
7.96400022506714
7.96199989318848
7.8899998664856
7.91099977493286
7.89900016784668
7.96099996566772
7.94999980926514
7.92000007629395
7.97100019454956
7.89599990844727
7.96999979019165
7.86299991607666
7.96299982070923
7.87900018692017
7.97399997711182
7.93900012969971
7.86999988555908
7.81400012969971
7.92600011825562
8.03600025177002
8.03800010681152
8.01399993896484
7.82499980926514
7.98199987411499
8.11900043487549
7.89900016784668
8.00800037384033
7.87400007247925
7.91099977493286
7.91800022125244
7.93800020217896
7.91400003433228
7.89799976348877
7.94600009918213
7.89499998092651
7.95100021362305
7.90100002288818
7.90199995040894
7.93200016021729
7.90399980545044
7.87900018692017
7.87900018692017
8.04500007629395
7.83799982070923
7.8270001411438
7.95499992370605
7.88199996948242
7.91099977493286
7.88899993896484
7.95800018310547
7.86999988555908
7.97200012207031
7.9060001373291
7.8899998664856
7.8899998664856
7.89300012588501
8.02000045776367
7.80999994277954
8.16300010681152
7.93300008773804
7.64499998092651
8.07600021362305
7.96700000762939
7.83599996566772
7.88899993896484
7.98600006103516
7.73600006103516
7.81099987030029
7.96999979019165
7.93599987030029
7.98899984359741
7.90000009536743
7.91300010681152
8.17800045013428
7.81099987030029
7.76000022888184
7.72399997711182
7.97300004959106
7.93699979782104
8.00300025939941
7.98400020599365
8.22900009155273
7.58699989318848
8.15100002288818
7.81199979782104
7.82100009918213
7.82100009918213
7.91499996185303
8.14000034332275
7.84600019454956
7.9539999961853
7.84999990463257
7.98799991607666
7.92399978637695
7.87900018692017
7.89799976348877
7.97599983215332
7.91300010681152
7.96700000762939
7.88100004196167
7.96099996566772
7.83799982070923
8.00100040435791
7.88899993896484
7.92999982833862
7.93200016021729
7.85099983215332
7.91099977493286
8.01200008392334
7.88899993896484
7.89400005340576
7.89300012588501
7.95900011062622
7.9210000038147
7.93300008773804
7.94700002670288
7.97700023651123
8.0310001373291
7.75099992752075
8.07299995422363
7.89799976348877
7.74700021743774
7.69700002670288
7.99300003051758
8.09700012207031
8.06999969482422
7.76900005340576
7.89099979400635
7.96400022506714
7.65999984741211
7.875
7.95499992370605
7.85699987411499
8.0620002746582
7.88700008392334
7.96299982070923
7.875
7.95800018310547
7.88199996948242
7.8899998664856
7.9850001335144
7.89400005340576
7.91300010681152
7.90199995040894
7.9210000038147
7.85200023651123
7.91099977493286
7.94600009918213
7.87599992752075
7.94700002670288
7.87599992752075
7.92600011825562
7.86899995803833
7.98000001907349
7.91099977493286
7.90100002288818
7.92899990081787
7.88399982452393
7.94099998474121
7.90000009536743
7.92399978637695
7.91400003433228
7.89200019836426
7.93499994277954
7.89599990844727
7.92600011825562
7.89499998092651
7.9060001373291
7.93800020217896
7.83199977874756
7.97700023651123
7.86999988555908
7.96299982070923
8.09500026702881
7.87599992752075
7.51900005340576
8.20199966430664
7.84899997711182
7.56500005722046
8.24600028991699
7.82399988174438
7.77199983596802
7.83099985122681
7.88000011444092
8.0290002822876
7.92500019073486
7.89499998092651
7.9229998588562
7.90500020980835
7.92999982833862
7.88500022888184
7.94000005722046
7.90299987792969
7.88299989700317
7.90000009536743
7.94399976730347
7.94299983978271
8.14599990844727
7.7519998550415
7.67799997329712
7.96999979019165
7.8439998626709
7.86899995803833
7.76900005340576
7.62599992752075
8.16699981689453
7.86499977111816
7.81099987030029
7.71500015258789
8.09099960327148
7.91900014877319
7.94700002670288
7.87599992752075
7.91099977493286
7.94799995422363
7.90999984741211
7.86199998855591
7.98199987411499
7.89900016784668
7.90999984741211
7.86399984359741
7.96099996566772
7.8899998664856
8.04699993133545
7.92600011825562
7.80299997329712
7.77799987792969
8.05200004577637
7.94600009918213
7.69099998474121
7.7979998588562
7.9520001411438
7.91699981689453
7.84700012207031
7.99499988555908
7.91800022125244
7.89099979400635
7.90399980545044
7.9229998588562
7.88399982452393
7.93699979782104
7.85500001907349
7.87400007247925
8.00500011444092
8.00800037384033
7.7979998588562
7.94600009918213
8.04500007629395
7.90700006484985
7.85400009155273
7.93300008773804
7.87200021743774
7.94799995422363
7.96099996566772
7.9210000038147
7.94000005722046
7.89599990844727
7.93900012969971
7.97800016403198
7.95100021362305
8.05399990081787
7.92000007629395
7.93499994277954
7.94799995422363
7.92399978637695
8.0019998550415
7.92899990081787
7.98400020599365
7.97399997711182
8.02499961853027
7.95300006866455
7.98999977111816
8.08399963378906
7.94000005722046
7.87900018692017
7.49100017547607
7.94700002670288
8.1540002822876
7.94399976730347
8.00699996948242
7.95699977874756
8.00399971008301
7.96000003814697
7.87900018692017
7.95800018310547
7.94199991226196
8.17800045013428
7.72800016403198
7.77199983596802
7.86700010299683
7.87900018692017
7.54899978637695
7.96400022506714
8.1540002822876
7.65999984741211
7.78900003433228
8.19400024414062
7.87400007247925
7.78299999237061
7.70599985122681
8.10700035095215
8.03600025177002
7.64799976348877
8.00500011444092
7.98199987411499
7.69099998474121
7.78900003433228
8.16600036621094
7.77500009536743
7.76700019836426
8.02000045776367
8.01000022888184
7.89799976348877
7.96600008010864
7.89400005340576
7.89900016784668
7.96000003814697
7.88000011444092
7.94700002670288
7.90999984741211
7.91099977493286
7.93499994277954
7.83400011062622
7.91900014877319
7.91599988937378
8.08600044250488
7.84299993515015
7.98899984359741
7.88800001144409
7.91400003433228
7.97700023651123
7.85400009155273
7.97700023651123
7.85900020599365
7.88299989700317
7.9980001449585
7.94099998474121
7.96000003814697
7.8899998664856
7.91699981689453
7.94700002670288
7.90999984741211
7.97499990463257
7.87200021743774
7.98299980163574
7.88700008392334
7.99900007247925
7.79400014877319
8.20600032806396
7.79899978637695
7.61800003051758
7.96700000762939
7.90299987792969
7.85699987411499
7.94199991226196
7.9060001373291
7.96500015258789
7.95499992370605
8.0310001373291
7.9229998588562
7.73400020599365
7.78599977493286
7.93100023269653
7.93599987030029
8.0019998550415
7.85900020599365
7.9060001373291
8.10200023651123
8.02000045776367
7.70699977874756
7.67600011825562
7.94799995422363
7.98699998855591
7.94399976730347
7.94399976730347
7.89499998092651
7.98799991607666
7.9689998626709
7.98899984359741
7.96099996566772
7.93100023269653
7.98799991607666
7.94399976730347
8.00399971008301
7.95699977874756
7.95100021362305
7.95599985122681
7.94199991226196
7.97100019454956
7.99300003051758
8.22799968719482
8.19499969482422
7.2979998588562
7.76399993896484
8.09700012207031
7.71799993515015
7.71999979019165
7.93599987030029
7.95100021362305
8.04800033569336
8.07900047302246
7.99399995803833
7.88299989700317
7.97599983215332
7.90199995040894
8.26799964904785
7.93699979782104
7.57299995422363
8.00800037384033
8.02999973297119
7.94700002670288
7.88800001144409
7.97599983215332
7.91900014877319
7.96000003814697
7.89200019836426
7.96999979019165
7.94000005722046
7.92000007629395
7.95300006866455
7.89200019836426
7.96799993515015
7.87900018692017
8.17199993133545
7.81500005722046
7.68400001525879
7.88899993896484
7.97599983215332
7.84000015258789
7.96299982070923
7.94000005722046
7.94299983978271
7.88399982452393
8.05000019073486
7.96999979019165
7.67999982833862
8.05500030517578
7.7810001373291
7.84200000762939
7.81699991226196
8.00100040435791
7.92999982833862
7.98099994659424
7.93200016021729
7.99300003051758
7.86700010299683
8.02499961853027
7.8439998626709
7.99900007247925
7.8439998626709
8.04300022125244
7.82200002670288
8.02999973297119
7.93200016021729
7.86600017547607
7.9210000038147
7.97399997711182
7.98299980163574
7.8769998550415
7.98000001907349
7.93200016021729
7.87400007247925
8.00800037384033
7.92600011825562
7.94999980926514
7.89599990844727
7.9060001373291
8.01399993896484
7.88899993896484
7.98600006103516
7.8769998550415
7.91900014877319
7.94899988174438
7.9850001335144
7.93400001525879
7.88800001144409
7.95300006866455
7.9210000038147
7.98299980163574
7.90199995040894
7.96400022506714
7.92399978637695
7.89799976348877
7.95300006866455
7.92000007629395
7.99700021743774
7.86999988555908
7.97599983215332
7.89400005340576
7.92700004577637
7.98999977111816
7.86899995803833
8.03299999237061
8.02600002288818
7.86999988555908
7.79400014877319
7.75600004196167
7.99499988555908
7.88899993896484
7.9850001335144
7.88299989700317
8
7.88299989700317