7.93400001525879
7.93400001525879
7.96400022506714
7.89200019836426
8.04399967193604
7.88700008392334
8.02200031280518
8.02099990844727
7.90299987792969
7.93699979782104
7.8769998550415
8.02600002288818
7.81400012969971
8.00699996948242
7.85900020599365
8.00399971008301
7.87200021743774
7.92500019073486
7.95900011062622
7.93699979782104
7.93800020217896
7.85099983215332
7.97900009155273
7.98000001907349
7.85300016403198
7.95300006866455
7.91699981689453
7.96799993515015
7.86600017547607
7.96299982070923
7.86600017547607
7.97499990463257
7.9210000038147
7.90500020980835
7.97900009155273
7.91599988937378
7.92799997329712
7.91099977493286
7.91599988937378
7.97700023651123
7.90199995040894
7.93599987030029
7.92700004577637
7.96000003814697
7.90399980545044
7.98699998855591
7.88399982452393
7.93599987030029
7.93499994277954
7.90399980545044
7.93800020217896
7.96799993515015
7.90500020980835
7.94600009918213
7.93900012969971
7.91099977493286
7.91400003433228
7.95800018310547
7.86299991607666
8.01799964904785
7.91900014877319
7.92799997329712
7.94199991226196
7.89699983596802
7.87099981307983
7.97399997711182
7.96099996566772
7.9229998588562
7.92999982833862
7.98400020599365
7.85099983215332
7.97700023651123
7.85300016403198
7.95800018310547
7.91099977493286
7.94500017166138
7.93200016021729
7.91200017929077
7.97800016403198
7.91300010681152
7.92700004577637
7.91099977493286
7.93499994277954
7.98099994659424
7.80100011825562
8.0319995880127
7.81500005722046
8.02200031280518
7.81699991226196
8.00800037384033
7.94199991226196
7.91800022125244
7.93800020217896
7.90999984741211
7.96600008010864
7.96400022506714
7.90399980545044
7.93300008773804
7.9060001373291
7.9689998626709
7.90700006484985
7.94600009918213
7.91400003433228
7.96400022506714
7.90000009536743
7.95300006866455
7.86899995803833
7.93100023269653
7.93599987030029
7.97900009155273
7.93300008773804
8.0019998550415
7.82100009918213
8.00899982452393
7.90299987792969
7.96099996566772
7.86199998855591
7.98699998855591
7.94399976730347
7.95100021362305
7.94600009918213
7.91200017929077
7.94899988174438
7.93900012969971
7.91900014877319
7.93800020217896
7.91499996185303
7.98699998855591
7.88299989700317
7.95800018310547
7.85400009155273
8.00599956512451
7.86299991607666
7.97700023651123
7.96500015258789
7.89799976348877
7.97700023651123
7.88000011444092
7.91800022125244
8.01399993896484
7.85400009155273
8.02099990844727
7.84800004959106
8.0310001373291
7.8899998664856
8.00399971008301
7.80900001525879
8.00100040435791
7.93200016021729
7.95100021362305
7.90100002288818
7.96600008010864
7.91300010681152
7.95100021362305
7.8769998550415
7.96600008010864
7.9520001411438
7.85500001907349
7.93900012969971
8.01399993896484
7.85500001907349
7.9850001335144
7.97100019454956
7.89699983596802
7.95499992370605
7.90999984741211
7.8899998664856
7.96099996566772
7.98099994659424
7.95800018310547
7.87599992752075
7.99200010299683
7.85900020599365
8.02400016784668
7.84000015258789
8.00800037384033
7.88700008392334
7.93100023269653
7.92999982833862
7.99599981307983
7.84700012207031
7.96099996566772
7.95900011062622
7.94199991226196
7.84600019454956
7.95599985122681
7.96199989318848
7.97700023651123
7.81500005722046
8.05700016021729
7.86299991607666
7.9689998626709
7.94799995422363
7.90199995040894
7.95499992370605
7.92799997329712
7.94899988174438
7.95800018310547
7.91900014877319
7.90999984741211
7.93100023269653
7.94000005722046
7.92899990081787
7.95499992370605
7.91499996185303
7.98000001907349
7.88299989700317
7.8769998550415
7.97900009155273
7.91900014877319
7.84800004959106
7.94299983978271
7.98099994659424
8
7.93200016021729
8.05599975585938
9.11299991607666
6.72800016403198
7.94700002670288
8.00699996948242
7.94500017166138
7.88500022888184
8.0600004196167
7.93300008773804
7.99300003051758
7.95699977874756
7.9520001411438
8.0600004196167
7.85699987411499
8.02499961853027
7.88399982452393
8.01500034332275
7.92700004577637
8.00699996948242
7.89699983596802
7.99700021743774
7.94299983978271
7.96199989318848
7.97900009155273
7.87900018692017
7.97300004959106
7.97100019454956
7.93499994277954
7.98600006103516
7.88600015640259
8.08300018310547
7.89900016784668
7.94399976730347
7.96700000762939
8.01099967956543
7.94999980926514
7.98400020599365
7.94000005722046
7.97900009155273
8.06099987030029
7.89900016784668
7.93300008773804
8.02400016784668
7.89400005340576
7.99100017547607
7.94299983978271
7.98899984359741
7.98299980163574
8.00300025939941
8.0019998550415
7.95900011062622
8.04300022125244
7.92799997329712
7.93900012969971
7.90700006484985
7.97900009155273
7.89200019836426
7.89200019836426
7.99900007247925
7.85400009155273
8.00500011444092
7.88199996948242
7.93800020217896
7.97200012207031
7.88700008392334
7.88700008392334
7.88800001144409
8.0019998550415
7.86999988555908
7.96999979019165
7.89699983596802
7.88500022888184
8.04199981689453
7.8439998626709
8.02200031280518
7.80299997329712
8.0310001373291
7.80999994277954
8.01099967956543
7.90100002288818
7.98099994659424
7.84600019454956
7.98000001907349
7.90700006484985
7.97200012207031
7.83599996566772
8.02000045776367
7.88899993896484
7.97100019454956
7.9520001411438
7.93200016021729
7.88899993896484
7.94600009918213
7.98600006103516
7.84899997711182
7.99300003051758
7.89799976348877
7.88299989700317
7.93900012969971
7.9060001373291
7.96700000762939
7.86299991607666
8.00899982452393
7.84100008010864
7.98899984359741
7.85699987411499
7.98400020599365
7.87400007247925
7.97399997711182
7.84700012207031
7.93400001525879
7.99200010299683
7.83900022506714
7.84499979019165
8.01700019836426
7.99499988555908
7.97100019454956
7.93200016021729
8.03600025177002
7.85699987411499
7.98400020599365
7.86700010299683
7.95100021362305
7.89599990844727
7.98400020599365
7.98699998855591
7.8439998626709
7.97800016403198
7.8600001335144
7.95599985122681
7.97300004959106
7.89400005340576
7.94500017166138
7.91400003433228
7.96600008010864
7.86999988555908
7.96500015258789
7.8769998550415
7.96299982070923
7.86700010299683
7.9689998626709
7.88100004196167
7.91699981689453
7.90999984741211
7.98299980163574
7.82999992370605
7.90100002288818
7.94299983978271
7.91699981689453
7.94700002670288
7.97700023651123
7.95300006866455
7.91499996185303
7.95100021362305
7.89499998092651
7.96700000762939
7.8439998626709
7.96000003814697
7.9539999961853
7.92600011825562
7.94799995422363
7.88299989700317
7.94399976730347
7.85300016403198
8.02400016784668
7.86999988555908
7.91099977493286
7.98899984359741
7.90799999237061
7.85599994659424
8.00599956512451
7.94500017166138
7.87200021743774
7.94299983978271
7.96400022506714
7.92500019073486
7.93800020217896
7.87900018692017
7.97399997711182
7.91699981689453
7.95300006866455
7.92000007629395
7.88600015640259
7.88500022888184
7.94099998474121
7.89499998092651
7.93599987030029
7.86999988555908
7.95300006866455
7.87799978256226
7.94000005722046
7.89900016784668
7.94700002670288
7.86100006103516
7.9520001411438
7.96000003814697
7.8730001449585
7.95900011062622
7.89099979400635
7.93400001525879
7.89799976348877
7.92799997329712
7.97300004959106
7.84299993515015
7.90199995040894
7.80200004577637
8.01900005340576
7.93100023269653
7.99499988555908
7.98899984359741
7.98299980163574
8.0600004196167
7.94899988174438
7.96999979019165
8.01099967956543
7.9229998588562
8.02200031280518
7.875
8.0959997177124
7.81199979782104
8.0290002822876
7.83099985122681
7.94899988174438
7.90000009536743
7.9689998626709
7.85799980163574
7.95800018310547
7.93300008773804
7.90700006484985
7.96000003814697
7.8899998664856
7.89200019836426
7.93800020217896
7.88100004196167
7.93100023269653
7.88399982452393
7.95599985122681
7.8730001449585
7.93599987030029
7.92399978637695
7.87799978256226
7.91699981689453
7.90500020980835
7.93499994277954
7.91200017929077
7.90000009536743
7.89499998092651
7.88000011444092
7.97399997711182
7.94700002670288
7.90199995040894
7.89200019836426
7.9210000038147
7.91499996185303
7.89900016784668
7.97100019454956
7.86999988555908
7.92600011825562
7.90100002288818
7.90299987792969
7.92000007629395
7.89799976348877
7.92999982833862
7.85699987411499
8.02799987792969
7.83500003814697
7.97700023651123
7.8730001449585
7.98099994659424
7.91300010681152
7.87900018692017
7.88800001144409
7.96299982070923
7.89099979400635
7.96999979019165
7.84700012207031
8.00300025939941
7.83300018310547
7.99200010299683
7.84800004959106
8.0629997253418
7.86899995803833
7.90299987792969
7.93200016021729
7.89900016784668
7.91099977493286
7.90000009536743
7.89300012588501
7.91300010681152
7.9229998588562
7.9229998588562
7.88000011444092
7.9060001373291
7.90399980545044
7.99399995803833
7.85900020599365
7.97300004959106
7.88299989700317
7.96500015258789
7.92799997329712
7.89200019836426
7.87599992752075
7.96600008010864
7.88000011444092
8.04399967193604
7.8270001411438
8.00100040435791
7.84600019454956
7.98600006103516
7.8600001335144
7.9689998626709
7.87799978256226
7.97499990463257
7.86299991607666
7.96500015258789
7.93800020217896
7.86700010299683
7.95699977874756
7.90700006484985
7.89599990844727
7.96199989318848
7.88700008392334
7.94000005722046
7.89300012588501
7.93400001525879
7.89099979400635
7.90100002288818
7.94700002670288
7.89499998092651
7.88299989700317
7.98799991607666
7.87599992752075
7.9520001411438
7.87599992752075
7.99499988555908
7.83799982070923
8.01299953460693
7.82000017166138
8.0019998550415
7.90799999237061
7.90700006484985
7.92899990081787
7.87200021743774
7.95599985122681
7.91099977493286
7.93699979782104
7.90199995040894
7.90299987792969
7.9210000038147
7.91200017929077
7.89099979400635
7.90199995040894
7.98600006103516
7.875
8.01299953460693
7.91800022125244
7.90999984741211
7.88199996948242
7.96799993515015
7.92000007629395
7.88399982452393
7.93100023269653
7.90899991989136
7.90899991989136
7.92899990081787
7.90100002288818
7.90700006484985
7.88299989700317
7.94399976730347
7.89599990844727
7.88500022888184
7.93100023269653
7.88800001144409
7.9539999961853
7.91200017929077
7.91499996185303
7.90500020980835
7.90199995040894
7.92199993133545
7.90999984741211
7.91699981689453
7.86800003051758
7.9520001411438
7.89799976348877
7.90799999237061
7.90899991989136
7.9060001373291
7.91099977493286
7.88899993896484
7.9060001373291
7.93900012969971
7.84100008010864
7.80100011825562
8.11100006103516
8.00100040435791
7.96999979019165
7.9210000038147
7.86800003051758
7.98199987411499
7.91099977493286
7.90500020980835
7.90199995040894
7.92999982833862
7.86800003051758
7.95900011062622
7.89599990844727
7.93400001525879
7.85300016403198
8.01000022888184
7.8600001335144
7.98099994659424
7.84600019454956
7.99100017547607
7.87200021743774
7.96799993515015
7.87099981307983
7.97300004959106
7.92399978637695
7.86700010299683
7.87900018692017
8.00100040435791
7.90100002288818
7.91499996185303
7.90799999237061
7.94500017166138
7.89300012588501
7.92199993133545
7.80100011825562
8.04599952697754
7.90899991989136
7.90799999237061
7.90700006484985
7.89499998092651
7.88500022888184
7.97700023651123
7.86600017547607
7.98400020599365
7.79199981689453
8.04899978637695
7.87900018692017
7.97300004959106
7.88899993896484
7.91300010681152
7.90199995040894
7.90899991989136
7.9229998588562
7.88899993896484
7.94700002670288
7.88299989700317
7.96700000762939
7.91400003433228
7.90399980545044
7.92199993133545
7.8899998664856
7.89499998092651
7.96600008010864
7.90799999237061
7.91900014877319
7.8899998664856
7.92500019073486
7.89400005340576
7.92999982833862
7.875
7.93599987030029
7.94600009918213
7.88600015640259
7.93499994277954
7.86399984359741
7.97399997711182
7.89699983596802
7.94999980926514
7.89799976348877
7.89599990844727
7.94099998474121
7.90899991989136
7.88500022888184
7.92199993133545
7.99200010299683
7.85500001907349
7.92999982833862
8.00500011444092
7.78200006484985
8.06099987030029
7.88800001144409
7.92600011825562
7.87099981307983
7.9689998626709
7.91200017929077
7.88600015640259
7.94299983978271
7.90700006484985
7.9689998626709
7.87200021743774
7.94399976730347
7.87599992752075
7.87900018692017
7.98600006103516
7.94899988174438
7.97200012207031
7.93300008773804
7.9539999961853
7.89699983596802
7.92600011825562
7.94700002670288
7.90199995040894
7.94199991226196
7.93300008773804
7.93800020217896
7.94000005722046
7.88899993896484
7.97200012207031
7.86800003051758
7.95499992370605
7.86800003051758
7.97300004959106
7.88000011444092
7.94799995422363
7.89099979400635
7.98400020599365
7.92199993133545
7.9689998626709
7.94899988174438
7.92399978637695
7.90899991989136
7.98799991607666
7.85699987411499
7.97700023651123
7.88000011444092
7.96299982070923
7.88899993896484
7.9539999961853
7.89699983596802
7.90100002288818
7.96600008010864
7.88899993896484
7.95900011062622
7.89499998092651
7.9060001373291
7.96099996566772
7.84299993515015
8.01799964904785
7.8600001335144
8.04100036621094
7.80299997329712
8.01700019836426
7.91099977493286
7.94399976730347
7.92399978637695
7.97599983215332
7.82600021362305
8.02099990844727
7.94600009918213
7.93200016021729
7.93699979782104
7.96799993515015
7.88399982452393
7.9210000038147
7.93699979782104
7.94500017166138
7.94399976730347
7.92600011825562
7.9539999961853
7.91499996185303
7.95300006866455
7.90500020980835
7.95100021362305
7.95300006866455
7.87900018692017
7.95800018310547
7.92199993133545
7.96299982070923
7.8730001449585
7.95699977874756
7.93200016021729
7.92600011825562
7.95699977874756
7.87400007247925
7.96000003814697
7.92399978637695
7.92500019073486
7.94099998474121
7.86299991607666
8.01599979400635
7.85300016403198
8.02499961853027
7.82800006866455
8.05700016021729
7.88700008392334
7.93499994277954
7.97100019454956
7.86600017547607
7.96000003814697
7.91099977493286
7.89300012588501
7.97800016403198
7.95900011062622
7.9229998588562
7.92199993133545
7.92999982833862
7.94799995422363
7.90500020980835
7.91499996185303
8.00100040435791
7.86100006103516
7.9980001449585
7.98699998855591
7.85699987411499
7.95699977874756
7.92799997329712
7.93699979782104
7.93499994277954
7.9210000038147
7.93599987030029
7.90299987792969
8
7.88399982452393
7.98000001907349
7.88100004196167
7.96600008010864
7.9689998626709
7.90799999237061
7.95800018310547
7.87200021743774
7.96600008010864
7.96700000762939
7.92199993133545
7.94500017166138
7.9210000038147
7.96099996566772
7.90299987792969
7.9689998626709
7.90899991989136
7.93300008773804
7.95100021362305
7.88500022888184
7.98000001907349
7.88800001144409
7.99300003051758
7.86999988555908
7.93900012969971
7.99200010299683
7.87400007247925
7.98899984359741
7.88100004196167
7.99900007247925
7.86999988555908
8.0019998550415
7.89300012588501
7.94099998474121
7.91200017929077
7.98199987411499
7.88299989700317
7.97499990463257
7.88899993896484
8.0019998550415
7.88299989700317
7.99300003051758
7.85400009155273
8.01599979400635
7.86899995803833
8
7.88199996948242
7.94799995422363
7.90100002288818
7.9689998626709
7.98999977111816
7.91099977493286
7.94399976730347
7.94199991226196
7.90299987792969
7.98199987411499
7.85900020599365
8.01700019836426
7.90500020980835
7.92999982833862
7.91900014877319
7.95800018310547
7.89799976348877
7.95100021362305
7.97900009155273
7.92899990081787
7.94099998474121
7.89599990844727
7.90299987792969
8.00800037384033
7.86499977111816
7.97100019454956
7.89499998092651
8.01799964904785
7.85900020599365
7.99300003051758
7.875
7.96700000762939
7.96199989318848
7.90899991989136
7.94099998474121
7.93499994277954
7.93800020217896
7.94999980926514
7.91499996185303
7.94700002670288
7.91599988937378
7.95800018310547
7.92399978637695
7.92899990081787
7.97200012207031
7.89900016784668
7.94999980926514
7.91699981689453
7.9520001411438
7.92000007629395
7.98999977111816
7.91599988937378
7.90199995040894
7.99200010299683
7.80700016021729
8.0290002822876
7.78700017929077
8.0319995880127
7.93300008773804
7.92500019073486
7.94899988174438
7.91699981689453
7.96299982070923
7.91800022125244
7.93499994277954
7.90999984741211
7.92999982833862
7.90700006484985
7.9539999961853
7.97700023651123
7.85599994659424
7.98899984359741
7.82499980926514
8.02000045776367
7.93100023269653
7.93200016021729
7.94199991226196
7.93900012969971
7.93300008773804
7.94299983978271
7.92399978637695
7.95100021362305
7.8600001335144
7.98899984359741
7.9229998588562
7.86700010299683
7.9520001411438
7.9689998626709
7.92999982833862
7.94199991226196
7.93200016021729
7.93400001525879
7.94700002670288
7.91400003433228
7.95599985122681
7.94099998474121
7.90999984741211
7.94299983978271
7.93100023269653
7.94000005722046
7.92799997329712
7.94700002670288
7.9229998588562
7.93400001525879
7.94199991226196
7.9229998588562
7.94700002670288
7.94199991226196
7.91499996185303
7.96199989318848
7.92700004577637
7.94899988174438
7.88100004196167
8.00399971008301
7.85699987411499
7.97900009155273
7.89799976348877
7.96400022506714
7.9229998588562
7.89900016784668
7.96799993515015
7.9229998588562
7.93499994277954
7.9539999961853
7.91400003433228
7.96099996566772
7.88899993896484
7.97499990463257
7.90299987792969
7.96799993515015
7.88600015640259
7.97399997711182
7.92600011825562
7.94199991226196
7.93599987030029
7.91200017929077
7.94399976730347
7.94700002670288
7.91900014877319
7.94799995422363